RS_number	rs904092	rs1789882	rs1693457	rs9307239	rs1789891	rs2173201	rs1614972	rs2241894	rs12639833	rs1789924	rs1826907
rs904092	1.0	0.96	0.921	0.074	0.255	0.011	0.016	0.011	0.011	0.032	0.118
rs1789882	0.96	1.0	0.96	0.082	0.23	0.01	0.014	0.01	0.01	0.027	0.125
rs1693457	0.921	0.96	1.0	0.074	0.217	0.011	0.016	0.011	0.011	0.022	0.118
rs9307239	0.074	0.082	0.074	1.0	0.093	0.499	0.579	0.499	0.499	0.048	0.039
rs1789891	0.255	0.23	0.217	0.093	1.0	0.052	0.061	0.052	0.052	0.221	0.366
rs2173201	0.011	0.01	0.011	0.499	0.052	1.0	0.863	1.0	1.0	0.236	0.047
rs1614972	0.016	0.014	0.016	0.579	0.061	0.863	1.0	0.863	0.863	0.274	0.054
rs2241894	0.011	0.01	0.011	0.499	0.052	1.0	0.863	1.0	1.0	0.236	0.047
rs12639833	0.011	0.01	0.011	0.499	0.052	1.0	0.863	1.0	1.0	0.236	0.047
rs1789924	0.032	0.027	0.022	0.048	0.221	0.236	0.274	0.236	0.236	1.0	0.048
rs1826907	0.118	0.125	0.118	0.039	0.366	0.047	0.054	0.047	0.047	0.048	1.0