Position	Chromosome	Type
98016416	13	2
100246937	4	1
100214164	4	1
99464866	10	1
216898658	2	5
175120079	1	1
26756969	21	5
101742180	12	5
175027516	4	5
100278697	4	4
31883925	1	4
5377115	9	1
9213880	16	1
39027272	21	2
30656847	6	5
116663323	6	1
100266133	4	1
100250970	4	1
39393031	1	1
100229017	4	1
122111561	3	1
100301126	4	2
100274286	4	2
100250419	4	2
100235053	4	2
100236762	4	3
100258155	4	2
83637597	7	1
121204660	10	2
77808598	15	2
100267372	4	2
65944515	17	2
37550935	20	1
166490343	2	1