Position	Chromosome	Type
4719494	4	1
166490343	2	2
37550935	20	3
69499803	3	2
107138970	9	1
162811569	4	2
50184394	2	2
65944515	17	2
91918766	6	1
100239319	4	4
100267372	4	2
77808598	15	1
121204660	10	2
173017087	5	1
83637597	7	2
130338059	4	1
55505456	2	1
111836771	12	5
100258155	4	2
129994332	2	1
126215694	3	2
100236762	4	2
100071924	4	5
53983258	10	2
162824366	4	2
100235053	4	4
100250419	4	1
100274286	4	6
100301126	4	1
18727448	11	4
122111561	3	2
100229017	4	4
39393031	1	2
164589939	3	1
100250970	4	1
100266133	4	4
116663323	6	5
201568433	2	5
30656847	6	2
28033502	12	1
39027272	21	2
131334001	7	1
126235390	10	2
53592361	5	2
57898355	8	2
28003047	21	1
9213880	16	3
5377115	9	2
20356344	11	1
31883925	1	2
100278697	4	1
165581006	6	1
175027516	4	5
101742180	12	2
26756969	21	1
10694907	1	1
91136741	4	2
25029163	10	1
175120079	1	1
112241766	12	4
151126403	2	5
11956598	3	1
216773493	1	2
116489644	11	1
45547068	4	1
216898658	2	2
28407492	9	2
99464866	10	1
93044339	15	3
100214164	4	5
100246937	4	1
27920611	13	1
98016416	13	2
